MARINESIGHT OIL SPILL REPORT

Detection: MS-20260920-GULF_OF_ME-01
Area of interest: Gulf of Mexico / Mississippi Canyon
Sentinel-1 scene: S1D_IW_GRDH_1SDV_20260920T000858_20260920T000923_004654_008B08_7694_COG.SAFE (2026-09-20T00:08:58Z UTC)
Status: confirmed (P(oil) 99.1%)
Area: 5.03 km²   Length: 15.6 km
Centroid: 27.6320, -90.9081
Wind: 7.84 m/s from 79°   Current: 0.56 m/s to 265°

Verification indicators:
- Wind 7.8 m/s inside the SAR oil-detection window (2.5–12 m/s)
- Sentinel-2 pass cloudy / inconclusive over the slick

Attribution candidates:

Polygon (GeoJSON):
{"type":"MultiPolygon","coordinates":[[[[-90.84320068359375,27.653274536132812],[-90.83702087402344,27.653274536132812],[-90.83702087402344,27.65270927354871],[-90.83689949109973,27.652587890625],[-90.83564758300781,27.652587890625],[-90.83564758300781,27.651901245117188],[-90.83689949109973,27.651901245117188],[-90.83702087402344,27.65177986219348],[-90.83702087402344,27.651214599609375],[-90.84170600965442,27.651214599609375],[-90.84182739257812,27.651093216685666],[-90.84182739257812,27.650527954101562],[-90.84376594617785,27.650527954101562],[-90.84388732910156,27.650406571177854],[-90.84388732910156,27.64984130859375],[-90.85063240125598,27.64984130859375],[-90.85075378417969,27.64971992567004],[-90.85075378417969,27.649154663085938],[-90.85406562879504,27.649154663085938],[-90.85418701171875,27.64903328016223],[-90.85418701171875,27.648468017578125],[-90.85887214734973,27.648468017578125],[-90.85899353027344,27.648346634654416],[-90.85899353027344,27.647781372070312],[-90.86161872938098,27.647781372070312],[-90.86174011230469,27.647659989146604],[-90.86174011230469,27.6470947265625],[-90.86436531141223,27.6470947265625],[-90.86448669433594,27.64697334363879],[-90.86448669433594,27.646408081054688],[-90.86711189344348,27.646408081054688],[-90.86723327636719,27.64628669813098],[-90.86723327636719,27.645721435546875],[-90.86917182996692,27.645721435546875],[-90.86929321289062,27.645600052623166],[-90.86929321289062,27.645034790039062],[-90.87054512098254,27.645034790039062],[-90.87066650390625,27.644913407115354],[-90.87066650390625,27.64434814453125],[-90.87672493055285,27.64434814453125],[-90.87684631347656,27.64422676160754],[-90.87684631347656,27.643661499023438],[-90.87878486707629,27.643661499023438],[-90.87890625,27.64354011609973],[-90.87890625,27.642974853515625],[-90.88153144910754,27.642974853515625],[-90.88165283203125,27.642853470591916],[-90.88165283203125,27.642288208007812],[-90.88427803113879,27.642288208007812],[-90.8843994140625,27.642166825084104],[-90.8843994140625,27.6416015625],[-90.88702461317004,27.6416015625],[-90.88714599609375,27.64148017957629],[-90.88714599609375,27.640914916992188],[-90.88977119520129,27.640914916992188],[-90.889892578125,27.64079353406848],[-90.889892578125,27.640228271484375],[-90.89183113172473,27.640228271484375],[-90.89195251464844,27.640106888560666],[-90.89195251464844,27.639541625976562],[-90.89457771375598,27.639541625976562],[-90.89469909667969,27.639420243052854],[-90.89469909667969,27.63885498046875],[-90.8959510047716,27.63885498046875],[-90.89607238769531,27.63873359754504],[-90.89607238769531,27.638168334960938],[-90.89732429578723,27.638168334960938],[-90.89744567871094,27.63804695203723],[-90.89744567871094,27.637481689453125],[-90.89938423231067,27.637481689453125],[-90.89950561523438,27.637360306529416],[-90.89950561523438,27.636795043945312],[-90.90007087781848,27.636795043945312],[-90.90019226074219,27.636673661021604],[-90.90019226074219,27.6361083984375],[-90.90213081434192,27.6361083984375],[-90.90225219726562,27.63598701551379],[-90.90225219726562,27.635421752929688],[-90.90487739637317,27.635421752929688],[-90.90499877929688,27.63530037000598],[-90.90499877929688,27.634735107421875],[-90.90556404188098,27.634735107421875],[-90.90568542480469,27.634613724498166],[-90.90568542480469,27.634048461914062],[-90.90625068738879,27.634048461914062],[-90.9063720703125,27.633927078990354],[-90.9063720703125,27.63336181640625],[-90.90762397840442,27.63336181640625],[-90.90774536132812,27.63324043348254],[-90.90774536132812,27.632675170898438],[-90.91037056043567,27.632675170898438],[-90.91049194335938,27.63255378797473],[-90.91049194335938,27.631988525390625],[-90.91174385145129,27.631988525390625],[-90.911865234375,27.631867142466916],[-90.911865234375,27.631301879882812],[-90.9124304969591,27.631301879882812],[-90.91255187988281,27.631180496959104],[-90.91255187988281,27.630615234375],[-90.91380378797473,27.630615234375],[-90.91392517089844,27.63049385145129],[-90.91392517089844,27.629928588867188],[-90.91449043348254,27.629928588867188],[-90.91461181640625,27.62980720594348],[-90.91461181640625,27.629241943359375],[-90.91655037000598,27.629241943359375],[-90.91667175292969,27.629120560435666],[-90.91667175292969,27.628555297851562],[-90.9179236610216,27.628555297851562],[-90.91804504394531,27.628433914927854],[-90.91804504394531,27.62786865234375],[-90.91998359754504,27.62786865234375],[-90.92010498046875,27.62774726942004],[-90.92010498046875,27.627182006835938],[-90.92135688856067,27.627182006835938],[-90.92147827148438,27.62706062391223],[-90.92147827148438,27.626495361328125],[-90.92410347059192,27.626495361328125],[-90.92422485351562,27.626373978404416],[-90.92422485351562,27.625808715820312],[-90.92479011609973,27.625808715820312],[-90.92491149902344,27.625687332896604],[-90.92491149902344,27.6251220703125],[-90.92547676160754,27.6251220703125],[-90.92559814453125,27.62500068738879],[-90.92559814453125,27.624435424804688],[-90.92616340711535,27.624435424804688],[-90.92628479003906,27.62431404188098],[-90.92628479003906,27.623748779296875],[-90.92753669813098,27.623748779296875],[-90.92765808105469,27.623627396373166],[-90.92765808105469,27.623062133789062],[-90.92959663465442,27.623062133789062],[-90.92971801757812,27.622940750865354],[-90.92971801757812,27.62237548828125],[-90.93096992567004,27.62237548828125],[-90.93109130859375,27.62225410535754],[-90.93109130859375,27.621688842773438],[-90.93234321668567,27.621688842773438],[-90.93246459960938,27.62156745984973],[-90.93246459960938,27.621002197265625],[-90.93371650770129,27.621002197265625],[-90.933837890625,27.620880814341916],[-90.933837890625,27.620315551757812],[-90.93508979871692,27.620315551757812],[-90.93521118164062,27.620194168834104],[-90.93521118164062,27.61962890625],[-90.93577644422473,27.61962890625],[-90.93589782714844,27.61950752332629],[-90.93589782714844,27.618942260742188],[-90.93714973524035,27.618942260742188],[-90.93727111816406,27.61882087781848],[-90.93727111816406,27.618255615234375],[-90.93852302625598,27.618255615234375],[-90.93864440917969,27.618134232310666],[-90.93864440917969,27.617568969726562],[-90.9398963172716,27.617568969726562],[-90.94001770019531,27.617447586802854],[-90.94001770019531,27.61688232421875],[-90.94126960828723,27.61688232421875],[-90.94139099121094,27.61676094129504],[-90.94139099121094,27.616195678710938],[-90.94264289930285,27.616195678710938],[-90.94276428222656,27.61607429578723],[-90.94276428222656,27.615509033203125],[-90.94332954481067,27.615509033203125],[-90.94345092773438,27.615387650279416],[-90.94345092773438,27.614822387695312],[-90.94470283582629,27.614822387695312],[-90.94482421875,27.614701004771604],[-90.94482421875,27.6141357421875],[-90.94607612684192,27.6141357421875],[-90.94619750976562,27.61401435926379],[-90.94619750976562,27.613449096679688],[-90.94676277234973,27.613449096679688],[-90.94688415527344,27.61332771375598],[-90.94688415527344,27.612762451171875],[-90.94882270887317,27.612762451171875],[-90.94894409179688,27.612641068248166],[-90.94894409179688,27.612075805664062],[-90.94950935438098,27.612075805664062],[-90.94963073730469,27.611954422740354],[-90.94963073730469,27.61138916015625],[-90.95019599988879,27.61138916015625],[-90.9503173828125,27.61126777723254],[-90.9503173828125,27.610702514648438],[-90.9508826453966,27.610702514648438],[-90.95100402832031,27.61058113172473],[-90.95100402832031,27.610015869140625],[-90.95225593641223,27.610015869140625],[-90.95237731933594,27.609894486216916],[-90.95237731933594,27.609329223632812],[-90.95362922742785,27.609329223632812],[-90.95375061035156,27.609207840709104],[-90.95375061035156,27.608642578125],[-90.95568916395129,27.608642578125],[-90.955810546875,27.60852119520129],[-90.955810546875,27.607955932617188],[-90.95706245496692,27.607955932617188],[-90.95718383789062,27.60783454969348],[-90.95718383789062,27.607269287109375],[-90.95912239149035,27.607269287109375],[-90.95924377441406,27.607147904185666],[-90.95924377441406,27.606582641601562],[-90.95980903699817,27.606582641601562],[-90.95993041992188,27.606461258677854],[-90.95993041992188,27.60589599609375],[-90.9618689735216,27.60589599609375],[-90.96199035644531,27.60577461317004],[-90.96199035644531,27.605209350585938],[-90.96461555555285,27.605209350585938],[-90.96473693847656,27.60508796766223],[-90.96473693847656,27.604522705078125],[-90.96667549207629,27.604522705078125],[-90.966796875,27.604401322154416],[-90.966796875,27.603836059570312],[-90.96873542859973,27.603836059570312],[-90.96885681152344,27.603714676646604],[-90.96885681152344,27.6031494140625],[-90.97010871961535,27.6031494140625],[-90.97023010253906,27.60302803113879],[-90.97023010253906,27.602462768554688],[-90.9728553016466,27.602462768554688],[-90.97297668457031,27.60234138563098],[-90.97297668457031,27.601776123046875],[-90.97491523817004,27.601776123046875],[-90.97503662109375,27.601654740123166],[-90.97503662109375,27.601089477539062],[-90.97560188367785,27.601089477539062],[-90.97572326660156,27.600968094615354],[-90.97572326660156,27.60040283203125],[-90.9783484657091,27.60040283203125],[-90.97846984863281,27.60028144910754],[-90.97846984863281,27.599716186523438],[-90.98052978515625,27.599716186523438],[-90.98052978515625,27.60028144910754],[-90.98065116807996,27.60040283203125],[-90.98190307617188,27.60040283203125],[-90.98190307617188,27.601089477539062],[-90.97927787706433,27.601089477539062],[-90.97915649414062,27.60121086046277],[-90.97915649414062,27.601776123046875],[-90.97653129503308,27.601776123046875],[-90.97640991210938,27.601897505970584],[-90.97640991210938,27.602462768554688],[-90.97447135850965,27.602462768554688],[-90.97434997558594,27.602584151478396],[-90.97434997558594,27.6031494140625],[-90.97309806749402,27.6031494140625],[-90.97297668457031,27.60327079698621],[-90.97297668457031,27.603836059570312],[-90.9717247764784,27.603836059570312],[-90.97160339355469,27.60395744249402],[-90.97160339355469,27.604522705078125],[-90.97035148546277,27.604522705078125],[-90.97023010253906,27.604644088001834],[-90.97023010253906,27.605209350585938],[-90.96760490343152,27.605209350585938],[-90.96748352050781,27.605330733509646],[-90.96748352050781,27.60589599609375],[-90.9662316124159,27.60589599609375],[-90.96611022949219,27.60601737901746],[-90.96611022949219,27.606582641601562],[-90.96485832140027,27.606582641601562],[-90.96473693847656,27.60670402452527],[-90.96473693847656,27.607269287109375],[-90.96348503038465,27.607269287109375],[-90.96336364746094,27.607390670033084],[-90.96336364746094,27.607955932617188],[-90.96211173936902,27.607955932617188],[-90.96199035644531,27.608077315540896],[-90.96199035644531,27.608642578125],[-90.9607384483534,27.608642578125],[-90.96061706542969,27.60876396104871],[-90.96061706542969,27.609329223632812],[-90.96005180284558,27.609329223632812],[-90.95993041992188,27.60945060655652],[-90.95993041992188,27.610015869140625],[-90.95799186632215,27.610015869140625],[-90.95787048339844,27.610137252064334],[-90.95787048339844,27.610702514648438],[-90.95661857530652,27.610702514648438],[-90.95649719238281,27.610823897572146],[-90.95649719238281,27.61138916015625],[-90.9552452842909,27.61138916015625],[-90.95512390136719,27.61151054307996],[-90.95512390136719,27.612075805664062],[-90.95455863878308,27.612075805664062],[-90.95443725585938,27.61219718858777],[-90.95443725585938,27.612762451171875],[-90.95318534776746,27.612762451171875],[-90.95306396484375,27.612883834095584],[-90.95306396484375,27.613449096679688],[-90.95249870225965,27.613449096679688],[-90.95237731933594,27.613570479603396],[-90.95237731933594,27.6141357421875],[-90.95112541124402,27.6141357421875],[-90.95100402832031,27.61425712511121],[-90.95100402832031,27.614822387695312],[-90.9497521202284,27.614822387695312],[-90.94963073730469,27.61494377061902],[-90.94963073730469,27.615509033203125],[-90.94837882921277,27.615509033203125],[-90.94825744628906,27.615630416126834],[-90.94825744628906,27.616195678710938],[-90.94769218370496,27.616195678710938],[-90.94757080078125,27.616317061634646],[-90.94757080078125,27.61688232421875],[-90.94631889268933,27.61688232421875],[-90.94619750976562,27.61700370714246],[-90.94619750976562,27.617568969726562],[-90.94494560167371,27.617568969726562],[-90.94482421875,27.61769035265027],[-90.94482421875,27.618255615234375],[-90.9442589561659,27.618255615234375],[-90.94413757324219,27.618376998158084],[-90.94413757324219,27.618942260742188],[-90.94219901964246,27.618942260742188],[-90.94207763671875,27.619063643665896],[-90.94207763671875,27.61962890625],[-90.94082572862683,27.61962890625],[-90.94070434570312,27.61975028917371],[-90.94070434570312,27.620315551757812],[-90.93945243761121,27.620315551757812],[-90.9393310546875,27.62043693468152],[-90.9393310546875,27.621002197265625],[-90.93807914659558,27.621002197265625],[-90.93795776367188,27.621123580189334],[-90.93795776367188,27.621688842773438],[-90.93739250108777,27.621688842773438],[-90.93727111816406,27.621810225697146],[-90.93727111816406,27.62237548828125],[-90.93601921007215,27.62237548828125],[-90.93589782714844,27.62249687120496],[-90.93589782714844,27.623062133789062],[-90.93464591905652,27.623062133789062],[-90.93452453613281,27.62318351671277],[-90.93452453613281,27.623748779296875],[-90.9332726280409,27.623748779296875],[-90.93315124511719,27.623870162220584],[-90.93315124511719,27.624435424804688],[-90.93258598253308,27.624435424804688],[-90.93246459960938,27.624556807728396],[-90.93246459960938,27.6251220703125],[-90.93121269151746,27.6251220703125],[-90.93109130859375,27.62524345323621],[-90.93109130859375,27.625808715820312],[-90.92983940050183,27.625808715820312],[-90.92971801757812,27.62593009874402],[-90.92971801757812,27.626495361328125],[-90.92846610948621,27.626495361328125],[-90.9283447265625,27.626616744251834],[-90.9283447265625,27.627182006835938],[-90.92709281847058,27.627182006835938],[-90.92697143554688,27.627303389759646],[-90.92697143554688,27.62786865234375],[-90.92640617296277,27.62786865234375],[-90.92628479003906,27.62799003526746],[-90.92628479003906,27.628555297851562],[-90.92571952745496,27.628555297851562],[-90.92559814453125,27.62867668077527],[-90.92559814453125,27.629241943359375],[-90.92434623643933,27.629241943359375],[-90.92422485351562,27.629363326283084],[-90.92422485351562,27.629928588867188],[-90.92365959093152,27.629928588867188],[-90.92353820800781,27.630049971790896],[-90.92353820800781,27.630615234375],[-90.92159965440808,27.630615234375],[-90.92147827148438,27.63073661729871],[-90.92147827148438,27.631301879882812],[-90.92022636339246,27.631301879882812],[-90.92010498046875,27.63142326280652],[-90.92010498046875,27.631988525390625],[-90.91953971788465,27.631988525390625],[-90.91941833496094,27.632109908314334],[-90.91941833496094,27.632675170898438],[-90.91816642686902,27.632675170898438],[-90.91804504394531,27.632796553822146],[-90.91804504394531,27.63336181640625],[-90.91747978136121,27.63336181640625],[-90.9173583984375,27.63348319932996],[-90.9173583984375,27.634048461914062],[-90.91541984483777,27.634048461914062],[-90.91529846191406,27.63416984483777],[-90.91529846191406,27.634735107421875],[-90.91404655382215,27.634735107421875],[-90.91392517089844,27.634856490345584],[-90.91392517089844,27.635421752929688],[-90.91335990831433,27.635421752929688],[-90.91323852539062,27.635543135853396],[-90.91323852539062,27.6361083984375],[-90.91198661729871,27.6361083984375],[-90.911865234375,27.63622978136121],[-90.911865234375,27.636795043945312],[-90.91061332628308,27.636795043945312],[-90.91049194335938,27.63691642686902],[-90.91049194335938,27.637481689453125],[-90.90924003526746,27.637481689453125],[-90.90911865234375,27.637603072376834],[-90.90911865234375,27.638168334960938],[-90.90718009874402,27.638168334960938],[-90.90705871582031,27.638289717884646],[-90.90705871582031,27.63885498046875],[-90.9058068077284,27.63885498046875],[-90.90568542480469,27.63897636339246],[-90.90568542480469,27.639541625976562],[-90.90374687120496,27.639541625976562],[-90.90362548828125,27.63966300890027],[-90.90362548828125,27.640228271484375],[-90.90168693468152,27.640228271484375],[-90.90156555175781,27.640349654408084],[-90.90156555175781,27.640914916992188],[-90.89894035265027,27.640914916992188],[-90.89881896972656,27.641036299915896],[-90.89881896972656,27.6416015625],[-90.89756706163465,27.6416015625],[-90.89744567871094,27.64172294542371],[-90.89744567871094,27.642288208007812],[-90.89550712511121,27.642288208007812],[-90.8953857421875,27.64240959093152],[-90.8953857421875,27.642974853515625],[-90.89070060655652,27.642974853515625],[-90.89057922363281,27.643096236439334],[-90.89057922363281,27.643661499023438],[-90.88864067003308,27.643661499023438],[-90.88851928710938,27.643782881947146],[-90.88851928710938,27.64434814453125],[-90.88452079698621,27.64434814453125],[-90.8843994140625,27.64446952745496],[-90.8843994140625,27.645034790039062],[-90.88314750597058,27.645034790039062],[-90.88302612304688,27.64515617296277],[-90.88302612304688,27.645721435546875],[-90.87971427843152,27.645721435546875],[-90.87959289550781,27.645842818470584],[-90.87959289550781,27.646408081054688],[-90.87696769640027,27.646408081054688],[-90.87684631347656,27.646529463978396],[-90.87684631347656,27.6470947265625],[-90.87422111436902,27.6470947265625],[-90.87409973144531,27.64721610948621],[-90.87409973144531,27.647781372070312],[-90.87147453233777,27.647781372070312],[-90.87135314941406,27.64790275499402],[-90.87135314941406,27.648468017578125],[-90.86872795030652,27.648468017578125],[-90.86860656738281,27.648589400501834],[-90.86860656738281,27.649154663085938],[-90.86666801378308,27.649154663085938],[-90.86654663085938,27.649276046009646],[-90.86654663085938,27.64984130859375],[-90.86254814073621,27.64984130859375],[-90.8624267578125,27.64996269151746],[-90.8624267578125,27.650527954101562],[-90.85911491319715,27.650527954101562],[-90.85899353027344,27.65064933702527],[-90.85899353027344,27.651214599609375],[-90.85430839464246,27.651214599609375],[-90.85418701171875,27.651335982533084],[-90.85418701171875,27.651901245117188],[-90.84812858507215,27.651901245117188],[-90.84800720214844,27.652022628040896],[-90.84800720214844,27.652587890625],[-90.84332206651746,27.652587890625],[-90.84320068359375,27.65270927354871],[-90.84320068359375,27.653274536132812]]]]}